# TUM RGB-D rgbd_dataset_freiburg1_desk mocap ground truth, CC BY 4.0
# timestamp tx ty tz qx qy qz qw  (timestamps rebased to clip start)
0.000000 1.066600 -0.056100 1.626100 0.83470000 0.41040000 -0.15830000 -0.33120000
0.032086 1.057000 -0.061900 1.631900 0.83620000 0.40760000 -0.15260000 -0.33360000
0.064013 1.047200 -0.067000 1.637300 0.83680000 0.40210000 -0.14750000 -0.34100000
0.100033 1.033500 -0.072600 1.642400 0.84090000 0.39400000 -0.13690000 -0.34480000
0.131969 1.022600 -0.076000 1.645500 0.84380000 0.38840000 -0.12820000 -0.34750000
0.164030 1.011700 -0.078900 1.648000 0.84580000 0.38070000 -0.12220000 -0.35320000
0.200073 0.996400 -0.082200 1.649900 0.84860000 0.36790000 -0.11510000 -0.36230000
0.232201 0.984600 -0.084300 1.649700 0.85170000 0.35970000 -0.10580000 -0.36600000
0.263974 0.972700 -0.086300 1.648800 0.85390000 0.35260000 -0.09730000 -0.37010000
0.300017 0.955500 -0.088800 1.645900 0.85490000 0.34150000 -0.09160000 -0.37970000
0.331965 0.942200 -0.090900 1.641600 0.85860000 0.33670000 -0.08870000 -0.37630000
0.364032 0.928300 -0.092700 1.635900 0.86260000 0.33300000 -0.08870000 -0.37040000
0.399996 0.909500 -0.094900 1.627800 0.86710000 0.32740000 -0.08980000 -0.36450000
0.431963 0.895300 -0.096500 1.621600 0.86850000 0.32180000 -0.08960000 -0.36610000
0.464006 0.881400 -0.097900 1.614600 0.87170000 0.31470000 -0.08660000 -0.36540000
0.499967 0.863300 -0.099300 1.603700 0.88180000 0.30700000 -0.07670000 -0.34960000
0.532020 0.850200 -0.100500 1.596200 0.88580000 0.29930000 -0.07340000 -0.34690000
0.563967 0.837900 -0.101400 1.589000 0.88760000 0.29060000 -0.07460000 -0.34960000
0.600048 0.821500 -0.103400 1.577800 0.89420000 0.28170000 -0.07570000 -0.33970000
0.631970 0.808900 -0.104700 1.569800 0.89510000 0.27790000 -0.08230000 -0.33880000
0.664004 0.796400 -0.106000 1.561800 0.89470000 0.27360000 -0.09070000 -0.34110000
0.699958 0.780300 -0.107900 1.550000 0.89980000 0.26470000 -0.09380000 -0.33380000
0.731989 0.768100 -0.109500 1.541100 0.90280000 0.25890000 -0.09270000 -0.33060000
0.764027 0.756300 -0.111400 1.533100 0.90410000 0.25370000 -0.09050000 -0.33160000
0.800045 0.740800 -0.114500 1.522700 0.90520000 0.24270000 -0.08710000 -0.33800000
0.832022 0.729200 -0.117700 1.514700 0.90870000 0.23760000 -0.08210000 -0.33320000
0.864064 0.718000 -0.121800 1.508100 0.91170000 0.23630000 -0.07730000 -0.32700000
0.900003 0.703400 -0.127200 1.501500 0.91310000 0.22770000 -0.07330000 -0.33000000
0.931976 0.692900 -0.132200 1.497600 0.91710000 0.22170000 -0.06840000 -0.32430000
0.964010 0.682800 -0.138000 1.495600 0.92070000 0.21680000 -0.06270000 -0.31850000
0.999987 0.669600 -0.146200 1.496000 0.92230000 0.20810000 -0.05670000 -0.32080000
1.032048 0.659600 -0.153100 1.497800 0.92380000 0.19960000 -0.05290000 -0.32230000
1.064090 0.649600 -0.160700 1.500400 0.92520000 0.19170000 -0.04890000 -0.32390000
1.099898 0.635600 -0.172000 1.505000 0.92790000 0.18230000 -0.04220000 -0.32240000
1.132046 0.624600 -0.181200 1.509900 0.92700000 0.17440000 -0.03910000 -0.32980000
1.164011 0.613700 -0.190600 1.515400 0.92610000 0.16480000 -0.03500000 -0.33750000
1.199903 0.598900 -0.204000 1.523100 0.92780000 0.15410000 -0.02460000 -0.33900000
1.232067 0.588100 -0.213800 1.529900 0.92860000 0.14490000 -0.01690000 -0.34120000
1.264039 0.576900 -0.223100 1.537800 0.92730000 0.13440000 -0.01150000 -0.34900000
1.299996 0.561800 -0.235700 1.549100 0.92850000 0.12390000 -0.00720000 -0.35000000
1.331969 0.550100 -0.244700 1.558100 0.92900000 0.11930000 -0.00620000 -0.35020000
1.364060 0.538400 -0.253600 1.567400 0.92900000 0.11490000 -0.00520000 -0.35180000
1.399993 0.522900 -0.265300 1.580000 0.92780000 0.10880000 -0.00250000 -0.35700000
1.432040 0.511500 -0.273900 1.588800 0.92710000 0.10310000 0.00060000 -0.36030000
1.464033 0.499900 -0.281800 1.596900 0.92700000 0.09860000 0.00260000 -0.36190000
1.499881 0.483800 -0.291200 1.607600 0.92690000 0.09380000 0.00390000 -0.36340000
1.531987 0.471600 -0.297600 1.615300 0.92760000 0.08960000 0.00420000 -0.36270000
1.563925 0.458800 -0.303800 1.622700 0.92990000 0.08760000 0.00600000 -0.35710000
1.600024 0.441200 -0.311100 1.633200 0.92880000 0.08760000 0.00890000 -0.36000000
1.631911 0.428000 -0.316600 1.641500 0.92770000 0.08730000 0.01130000 -0.36270000
1.663922 0.414900 -0.321400 1.650300 0.92430000 0.08500000 0.01480000 -0.37180000
1.700054 0.397600 -0.326600 1.660900 0.92050000 0.07870000 0.02290000 -0.38210000
1.731978 0.384500 -0.330000 1.668500 0.91950000 0.07510000 0.02970000 -0.38460000
1.763948 0.371000 -0.332900 1.676300 0.91560000 0.07240000 0.03370000 -0.39400000
1.799988 0.352700 -0.336000 1.685400 0.91160000 0.06610000 0.03370000 -0.40440000
1.831987 0.338400 -0.337300 1.690300 0.91070000 0.06230000 0.03280000 -0.40710000
1.863999 0.323700 -0.337900 1.694200 0.90830000 0.06030000 0.03310000 -0.41250000
1.900200 0.303500 -0.337400 1.698000 0.90360000 0.05610000 0.03610000 -0.42320000
1.932044 0.287500 -0.335800 1.698300 0.90170000 0.05100000 0.03910000 -0.42760000
1.964045 0.271300 -0.333300 1.697100 0.90300000 0.04740000 0.04350000 -0.42490000
1.999960 0.248500 -0.328400 1.694300 0.90290000 0.04540000 0.04890000 -0.42450000
2.031993 0.230600 -0.323600 1.691300 0.90180000 0.04180000 0.05040000 -0.42730000
2.064001 0.212200 -0.318100 1.687300 0.90310000 0.03870000 0.04950000 -0.42470000
2.099966 0.187000 -0.310000 1.681100 0.90770000 0.03950000 0.05000000 -0.41480000
2.132289 0.167600 -0.303400 1.677300 0.90610000 0.04180000 0.04950000 -0.41820000
2.164019 0.148300 -0.296600 1.673000 0.90380000 0.04250000 0.04570000 -0.42340000
2.199983 0.123500 -0.287600 1.665600 0.90400000 0.04140000 0.04030000 -0.42360000
2.231945 0.105900 -0.280300 1.659400 0.89960000 0.04090000 0.03650000 -0.43320000
2.263981 0.089700 -0.273100 1.651700 0.89620000 0.03710000 0.03250000 -0.44080000
2.299953 0.070900 -0.263100 1.638500 0.89300000 0.02430000 0.02880000 -0.44860000
2.331992 0.058300 -0.255500 1.627400 0.88670000 0.01600000 0.03100000 -0.46110000
2.364051 0.047400 -0.248400 1.614800 0.87510000 0.01240000 0.03770000 -0.48230000
2.400092 0.034700 -0.238900 1.594600 0.86520000 0.00710000 0.04530000 -0.49920000
2.431983 0.026700 -0.231200 1.578400 -0.86070000 -0.00570000 -0.05270000 0.50640000
2.463996 0.019600 -0.222500 1.561900 -0.85460000 -0.00900000 -0.05720000 0.51600000
2.500014 0.011800 -0.210200 1.538300 -0.85500000 -0.01290000 -0.05830000 0.51520000
2.531978 0.006600 -0.201100 1.520600 -0.85780000 -0.01690000 -0.05390000 0.51080000
2.564029 0.002200 -0.192000 1.503500 -0.86170000 -0.02960000 -0.04310000 0.50480000
2.600005 -0.002000 -0.180200 1.483100 -0.86100000 -0.04640000 -0.03180000 0.50550000
2.632300 -0.004300 -0.171700 1.469800 -0.85820000 -0.06250000 -0.02180000 0.50910000
2.663987 -0.006800 -0.163600 1.457800 -0.85930000 -0.07560000 -0.01240000 0.50570000
2.699919 -0.010700 -0.152900 1.444600 0.86240000 0.08050000 0.00600000 -0.49980000
2.732242 -0.015600 -0.146600 1.437600 -0.85990000 -0.08470000 -0.00410000 0.50340000
2.764020 -0.022100 -0.140900 1.432300 -0.85600000 -0.08860000 -0.00900000 0.50920000
2.799976 -0.032900 -0.133400 1.427100 -0.85930000 -0.07570000 -0.01360000 0.50570000
2.831972 -0.043800 -0.128200 1.424500 0.86430000 0.06340000 0.01650000 -0.49870000
2.864002 -0.057500 -0.123000 1.423900 -0.86200000 -0.06180000 -0.01950000 0.50270000
2.900020 -0.078900 -0.115800 1.423600 -0.85710000 -0.06150000 -0.01440000 0.51130000
2.931986 -0.096400 -0.110400 1.423000 -0.85480000 -0.05510000 -0.00260000 0.51610000
2.964005 -0.115700 -0.104800 1.421900 -0.85070000 -0.05290000 0.01490000 0.52280000
2.999973 -0.142800 -0.098200 1.419700 -0.84610000 -0.06040000 0.04340000 0.52780000
3.031994 -0.162400 -0.093600 1.416400 -0.84350000 -0.06550000 0.06250000 0.52940000
3.064029 -0.180500 -0.088800 1.411700 -0.84270000 -0.06460000 0.07820000 0.52870000
3.099962 -0.202600 -0.083200 1.403400 -0.84300000 -0.05630000 0.09350000 0.52670000
3.132115 -0.217100 -0.079900 1.395900 -0.84450000 -0.04510000 0.09540000 0.52510000
3.164045 -0.229900 -0.077900 1.387800 -0.84680000 -0.02720000 0.08790000 0.52380000
3.199987 -0.244300 -0.077200 1.376300 -0.84730000 0.00300000 0.07200000 0.52610000
3.232006 -0.254300 -0.077800 1.367400 -0.84430000 0.03080000 0.06040000 0.53160000
3.264022 -0.263300 -0.080100 1.356400 -0.84700000 0.06470000 0.04810000 0.52540000
3.300001 -0.274300 -0.083900 1.341900 -0.84810000 0.12560000 0.02370000 0.51420000
3.332034 -0.283300 -0.088400 1.331400 -0.83990000 0.16820000 0.00930000 0.51600000
3.363910 -0.293400 -0.093000 1.320600 -0.83680000 0.20440000 0.00330000 0.50800000
3.399949 -0.307600 -0.098600 1.307700 0.83410000 -0.24850000 0.00690000 -0.49240000
3.432002 -0.320000 -0.101800 1.299400 0.82880000 -0.27040000 0.01180000 -0.48980000
3.464050 -0.334400 -0.103700 1.292500 0.82510000 -0.28680000 0.01150000 -0.48660000
3.499963 -0.355100 -0.103500 1.286100 0.82390000 -0.29580000 0.01330000 -0.48330000
3.531996 -0.371100 -0.102100 1.283700 0.82100000 -0.30230000 0.02230000 -0.48380000
3.563959 -0.387900 -0.100300 1.283400 0.82150000 -0.31200000 0.03110000 -0.47640000
3.599906 -0.410500 -0.095700 1.286700 0.82200000 -0.31540000 0.04180000 -0.47230000
3.631990 -0.427200 -0.090800 1.291200 0.82010000 -0.31430000 0.04930000 -0.47560000
3.664005 -0.443900 -0.085200 1.296100 0.82060000 -0.31350000 0.05240000 -0.47490000
3.700019 -0.465600 -0.075700 1.302200 0.82200000 -0.31240000 0.05420000 -0.47300000
3.732015 -0.481600 -0.067300 1.306100 0.82400000 -0.31210000 0.05380000 -0.46980000
3.763951 -0.496200 -0.059000 1.310500 0.82730000 -0.31190000 0.05040000 -0.46450000
3.799962 -0.515200 -0.047100 1.317000 0.82710000 -0.31480000 0.04800000 -0.46310000
3.832005 -0.528800 -0.037500 1.321900 0.82730000 -0.31830000 0.04630000 -0.46060000
3.864080 -0.542100 -0.027600 1.327100 0.82800000 -0.32190000 0.04550000 -0.45680000
3.899920 -0.558400 -0.014100 1.334300 0.82750000 -0.32500000 0.04680000 -0.45550000
3.932014 -0.569800 -0.003400 1.339100 0.82630000 -0.32720000 0.04630000 -0.45620000
3.964072 -0.579900 0.007200 1.344000 0.82500000 -0.33130000 0.03930000 -0.45610000
4.000045 -0.592300 0.021600 1.350600 0.82080000 -0.33770000 0.02480000 -0.46010000
4.032033 -0.599900 0.031800 1.355600 0.81970000 -0.34250000 0.01540000 -0.45890000
4.063914 -0.606900 0.042900 1.360000 0.82000000 -0.34620000 0.00820000 -0.45570000
4.100116 -0.614800 0.056800 1.366700 0.81740000 -0.35070000 0.01060000 -0.45690000
4.132022 -0.620700 0.066600 1.371500 0.81400000 -0.35600000 0.01770000 -0.45870000
4.164044 -0.625400 0.076700 1.376400 0.81160000 -0.35920000 0.02630000 -0.46000000
4.199867 -0.631300 0.090200 1.382700 0.81030000 -0.36660000 0.03340000 -0.45600000
4.231985 -0.635400 0.101200 1.386900 0.80790000 -0.37370000 0.04070000 -0.45390000
4.263966 -0.639200 0.111700 1.390900 0.80660000 -0.38080000 0.04910000 -0.44940000
4.299832 -0.643600 0.125800 1.395700 0.80250000 -0.39190000 0.05890000 -0.44610000
4.331975 -0.646400 0.136000 1.399400 0.79850000 -0.40170000 0.06950000 -0.44300000
4.363859 -0.649600 0.145800 1.402700 0.79650000 -0.41400000 0.07890000 -0.43360000
4.399925 -0.654400 0.159100 1.406600 0.79260000 -0.42930000 0.08810000 -0.42390000
4.432002 -0.658500 0.168800 1.409200 0.79140000 -0.43410000 0.09720000 -0.41930000
4.464210 -0.663000 0.178600 1.411600 0.78990000 -0.43850000 0.10540000 -0.41560000
4.499980 -0.669100 0.191800 1.414800 0.78690000 -0.44440000 0.11540000 -0.41230000
4.532119 -0.673800 0.202400 1.417000 0.78550000 -0.44710000 0.12230000 -0.41000000
4.564026 -0.678900 0.213300 1.418800 0.78470000 -0.44980000 0.12590000 -0.40750000
4.600030 -0.686000 0.228600 1.421100 0.78620000 -0.45130000 0.13120000 -0.40120000
4.632022 -0.690400 0.240300 1.422900 0.78570000 -0.45200000 0.13740000 -0.39930000
4.664015 -0.694700 0.252500 1.424400 0.78610000 -0.45270000 0.14160000 -0.39640000
4.700015 -0.699800 0.269800 1.426400 0.78890000 -0.45170000 0.14630000 -0.39000000
4.732069 -0.702700 0.282800 1.428100 0.79070000 -0.45140000 0.15230000 -0.38440000
4.764129 -0.704700 0.296000 1.429800 0.79310000 -0.45130000 0.15780000 -0.37730000
4.799917 -0.706000 0.313600 1.432200 0.79490000 -0.45260000 0.16020000 -0.37100000
4.832004 -0.706400 0.326200 1.434800 0.79500000 -0.45430000 0.16150000 -0.36820000
4.864023 -0.706000 0.338300 1.437700 0.79280000 -0.45570000 0.16530000 -0.36930000
4.899975 -0.705300 0.354100 1.441100 0.79100000 -0.45750000 0.16670000 -0.37050000
4.932017 -0.704500 0.366100 1.443300 0.79020000 -0.45790000 0.16670000 -0.37170000
4.964083 -0.703700 0.378300 1.444800 0.79250000 -0.45750000 0.16470000 -0.36820000
4.999941 -0.701900 0.393700 1.447200 0.79360000 -0.45560000 0.16700000 -0.36710000
5.032075 -0.700400 0.404400 1.448900 0.79260000 -0.45370000 0.16940000 -0.37060000
5.064368 -0.698800 0.414300 1.450100 0.79280000 -0.45090000 0.17130000 -0.37270000
5.099962 -0.696900 0.425700 1.450700 0.79370000 -0.44920000 0.17310000 -0.37200000
5.131997 -0.695400 0.434000 1.450500 0.79310000 -0.44540000 0.17610000 -0.37620000
5.164011 -0.693700 0.442000 1.449800 0.79440000 -0.44100000 0.17840000 -0.37750000
5.200106 -0.689300 0.453800 1.448300 0.79480000 -0.43840000 0.18390000 -0.37720000
5.232064 -0.685100 0.462300 1.446700 0.79770000 -0.43760000 0.18720000 -0.37040000
5.264063 -0.680800 0.470100 1.445300 0.80010000 -0.43780000 0.18710000 -0.36500000
5.299979 -0.674600 0.478400 1.444800 0.80020000 -0.43640000 0.18950000 -0.36510000
5.332136 -0.670100 0.482700 1.444100 0.80220000 -0.43890000 0.18760000 -0.35870000
5.364032 -0.666100 0.485800 1.444600 0.80180000 -0.43870000 0.18900000 -0.35900000
5.400060 -0.660500 0.487500 1.446000 0.79990000 -0.43680000 0.19100000 -0.36450000
5.432032 -0.656800 0.486700 1.446900 0.80080000 -0.43530000 0.19470000 -0.36250000
5.464045 -0.651900 0.485100 1.447500 0.79900000 -0.43480000 0.20230000 -0.36270000
5.499896 -0.645000 0.481400 1.447600 0.79900000 -0.43680000 0.20730000 -0.35770000
5.531977 -0.639200 0.477500 1.446700 0.79800000 -0.43810000 0.20970000 -0.35670000
5.563918 -0.633400 0.472100 1.445300 0.79640000 -0.44400000 0.20840000 -0.35390000
5.599957 -0.627200 0.463300 1.442600 0.79490000 -0.44940000 0.20620000 -0.35160000
5.632039 -0.622700 0.455800 1.439700 0.79320000 -0.45230000 0.20740000 -0.35110000
5.663967 -0.619000 0.446700 1.435800 0.79250000 -0.45700000 0.20730000 -0.34650000
5.699970 -0.614000 0.433100 1.429900 0.78820000 -0.46390000 0.20970000 -0.34580000
5.732122 -0.610300 0.421200 1.424100 0.78500000 -0.47180000 0.20910000 -0.34280000
5.764078 -0.606800 0.409700 1.417200 0.78210000 -0.48190000 0.20480000 -0.33790000
5.800113 -0.604100 0.394900 1.408000 0.78080000 -0.48990000 0.19950000 -0.33260000
5.832058 -0.602200 0.383100 1.401400 0.77790000 -0.49440000 0.20500000 -0.32920000
5.863945 -0.601000 0.371400 1.394200 0.77630000 -0.50350000 0.20530000 -0.31870000
5.900030 -0.599900 0.357200 1.384400 0.77500000 -0.51390000 0.19680000 -0.31060000
5.932192 -0.600100 0.347500 1.377800 0.77270000 -0.52240000 0.18650000 -0.30860000
5.964132 -0.600800 0.338800 1.371700 0.77040000 -0.52960000 0.17810000 -0.30710000
6.000094 -0.603300 0.327700 1.363900 0.76730000 -0.53810000 0.17210000 -0.30340000
6.032001 -0.606000 0.320700 1.358600 0.76680000 -0.54100000 0.16890000 -0.30140000
6.063996 -0.609600 0.314500 1.353200 0.76830000 -0.54040000 0.16970000 -0.29820000
6.099988 -0.614700 0.306500 1.345500 0.77040000 -0.54070000 0.17040000 -0.29180000
6.132120 -0.618800 0.300900 1.339700 0.77480000 -0.53700000 0.16970000 -0.28720000
6.163984 -0.623600 0.295200 1.333500 0.78030000 -0.53200000 0.16840000 -0.28250000
6.199895 -0.629900 0.287700 1.324900 0.78620000 -0.52510000 0.17050000 -0.27760000
6.232087 -0.635000 0.281800 1.317900 0.79230000 -0.51840000 0.17120000 -0.27240000
6.264050 -0.640600 0.276100 1.310600 0.79880000 -0.51250000 0.16780000 -0.26640000
6.299990 -0.649000 0.267500 1.301300 0.80790000 -0.50310000 0.16310000 -0.26010000
6.332252 -0.655700 0.260700 1.294800 0.81580000 -0.49490000 0.15830000 -0.25390000
6.364363 -0.662200 0.253200 1.289000 0.82280000 -0.48800000 0.15320000 -0.24790000
6.400025 -0.670700 0.243000 1.283000 0.83020000 -0.47770000 0.14690000 -0.24700000
6.432217 -0.676800 0.234800 1.279600 0.83590000 -0.46820000 0.14450000 -0.24730000
6.464217 -0.682500 0.226200 1.277500 0.84080000 -0.45870000 0.14540000 -0.24810000
6.500206 -0.689200 0.213700 1.275800 0.84730000 -0.44560000 0.14680000 -0.24890000
6.532015 -0.693600 0.203300 1.275400 0.85120000 -0.43530000 0.14910000 -0.25250000
6.564903 -0.697600 0.192300 1.275100 0.85540000 -0.42440000 0.14910000 -0.25680000
6.600007 -0.702000 0.176700 1.274500 0.86310000 -0.40790000 0.14500000 -0.26000000
6.632137 -0.704400 0.163400 1.273900 0.86820000 -0.39660000 0.14240000 -0.26200000
6.664298 -0.705600 0.149200 1.273900 0.87210000 -0.38820000 0.13910000 -0.26340000
6.700171 -0.705400 0.128700 1.273700 0.87690000 -0.37930000 0.13380000 -0.26310000
6.732137 -0.704300 0.112200 1.274300 0.87970000 -0.37370000 0.13210000 -0.26260000
6.764202 -0.701900 0.095200 1.275300 0.88060000 -0.37020000 0.13230000 -0.26470000
6.799962 -0.697500 0.072700 1.277400 0.88190000 -0.36590000 0.13040000 -0.26700000
6.832031 -0.693900 0.056400 1.279300 0.88350000 -0.36100000 0.12670000 -0.27010000
6.867905 -0.688400 0.035200 1.283500 0.88450000 -0.35180000 0.12470000 -0.27980000
6.900022 -0.684100 0.019800 1.287100 0.88560000 -0.34330000 0.12240000 -0.28780000
6.932165 -0.679200 0.004700 1.290500 0.88820000 -0.33400000 0.11890000 -0.29230000
6.968164 -0.672600 -0.015100 1.295900 0.89170000 -0.32200000 0.11770000 -0.29550000
6.999905 -0.667000 -0.029500 1.300400 0.89280000 -0.31250000 0.11830000 -0.30190000
7.032142 -0.660600 -0.043400 1.303900 0.89380000 -0.30450000 0.11840000 -0.30710000
7.068012 -0.651100 -0.061400 1.308100 0.89780000 -0.29590000 0.11710000 -0.30450000
7.100139 -0.642900 -0.074200 1.311200 0.89750000 -0.29120000 0.11710000 -0.30980000
7.132389 -0.634000 -0.086800 1.314100 0.89670000 -0.28700000 0.11750000 -0.31580000
7.168092 -0.621200 -0.102300 1.317000 0.89920000 -0.27950000 0.11510000 -0.31620000
7.200094 -0.611200 -0.113300 1.319000 0.89980000 -0.27460000 0.11180000 -0.32010000
7.232105 -0.600400 -0.124000 1.320900 0.89930000 -0.27010000 0.10750000 -0.32690000
7.267985 -0.585100 -0.137800 1.323200 0.90070000 -0.26410000 0.10300000 -0.32940000
7.300071 -0.572800 -0.148000 1.324900 0.90170000 -0.26080000 0.10060000 -0.32990000
7.332111 -0.559800 -0.158300 1.326700 0.90200000 -0.25950000 0.10010000 -0.33030000
7.367984 -0.541700 -0.172100 1.329700 0.90210000 -0.25800000 0.10300000 -0.33010000
7.400025 -0.528000 -0.182700 1.333300 0.90130000 -0.25760000 0.10530000 -0.33210000
7.432106 -0.514300 -0.192800 1.337000 0.90050000 -0.25750000 0.10430000 -0.33460000
7.467955 -0.495700 -0.205900 1.343100 0.90190000 -0.25480000 0.09980000 -0.33440000
7.499943 -0.481200 -0.215700 1.349600 0.90040000 -0.25250000 0.09970000 -0.34000000
7.532121 -0.466300 -0.225200 1.357200 0.89820000 -0.25030000 0.09970000 -0.34740000
7.567995 -0.446000 -0.237600 1.368200 0.89980000 -0.24600000 0.09730000 -0.34710000
7.599943 -0.429800 -0.246100 1.378600 0.90000000 -0.24230000 0.09900000 -0.34850000
7.632029 -0.413700 -0.253700 1.390400 0.89860000 -0.23700000 0.10220000 -0.35490000
7.668002 -0.392400 -0.263300 1.407200 0.89960000 -0.22580000 0.10650000 -0.35830000
7.700116 -0.376900 -0.270600 1.420800 0.90140000 -0.21730000 0.10950000 -0.35820000
7.732265 -0.361400 -0.277000 1.435100 0.90090000 -0.20890000 0.11350000 -0.36320000
7.768003 -0.341600 -0.285300 1.454400 0.90220000 -0.20010000 0.11560000 -0.36430000
7.800019 -0.327800 -0.291100 1.469000 0.90320000 -0.19350000 0.11380000 -0.36580000
7.832035 -0.314900 -0.296900 1.483800 0.90330000 -0.18660000 0.11210000 -0.36950000
7.868176 -0.299200 -0.304500 1.503800 0.90380000 -0.17680000 0.11070000 -0.37370000
7.900058 -0.288300 -0.310100 1.518700 0.90560000 -0.16920000 0.11080000 -0.37280000
7.932007 -0.278200 -0.315200 1.533700 0.90530000 -0.16120000 0.11400000 -0.37610000
7.967989 -0.265600 -0.322300 1.554000 0.90460000 -0.15170000 0.11790000 -0.38050000
8.000036 -0.257000 -0.327700 1.568800 0.90480000 -0.14750000 0.11560000 -0.38250000
8.032172 -0.249100 -0.333100 1.583400 0.90390000 -0.14380000 0.11040000 -0.38740000
8.067940 -0.238600 -0.340300 1.601800 0.90060000 -0.13460000 0.10150000 -0.40070000
8.099979 -0.231000 -0.345900 1.614200 0.90020000 -0.12740000 0.09090000 -0.40640000
8.131999 -0.222800 -0.351200 1.624600 0.90060000 -0.12000000 0.07770000 -0.41050000
8.168022 -0.210600 -0.357900 1.637800 0.90270000 -0.10570000 0.06060000 -0.41260000
8.200221 -0.200300 -0.362700 1.647700 0.90340000 -0.09720000 0.05240000 -0.41430000
8.232039 -0.188800 -0.367400 1.657900 0.90250000 -0.08990000 0.04600000 -0.41870000
8.267966 -0.172300 -0.374100 1.672100 0.90140000 -0.07890000 0.04430000 -0.42340000
8.299989 -0.159100 -0.379400 1.683300 0.90160000 -0.06980000 0.04630000 -0.42440000
8.332044 -0.145600 -0.384400 1.695300 0.90060000 -0.06130000 0.04570000 -0.42780000
8.367988 -0.127200 -0.391300 1.712800 0.89920000 -0.05400000 0.04550000 -0.43180000
8.399929 -0.114200 -0.397300 1.726400 0.89980000 -0.04530000 0.04740000 -0.43130000
8.432058 -0.101800 -0.403700 1.740600 0.90190000 -0.03430000 0.04990000 -0.42770000
8.468053 -0.085500 -0.412300 1.761300 0.89780000 -0.02690000 0.06080000 -0.43530000
8.500027 -0.073500 -0.417900 1.776700 0.89270000 -0.02410000 0.07220000 -0.44430000
8.532104 -0.061700 -0.422300 1.791600 0.88750000 -0.01620000 0.08490000 -0.45260000
8.568018 -0.046500 -0.425300 1.810700 0.87790000 -0.00200000 0.10000000 -0.46830000
8.600007 -0.036000 -0.425300 1.823400 0.87030000 0.01120000 0.10570000 -0.48100000
8.632095 -0.025600 -0.424000 1.834200 0.86500000 0.02830000 0.10860000 -0.48910000
8.668376 -0.012300 -0.420100 1.845900 0.86090000 0.05110000 0.10720000 -0.49470000
8.700114 -0.002800 -0.415400 1.852900 -0.85670000 -0.06810000 -0.09810000 0.50180000
8.732009 0.006400 -0.409000 1.858600 -0.85500000 -0.08820000 -0.08860000 0.50340000
8.768172 0.019500 -0.398000 1.864200 0.85560000 0.11960000 0.08100000 -0.49710000
8.800154 0.029800 -0.388400 1.866800 0.85330000 0.13890000 0.07830000 -0.49640000
8.832118 0.040900 -0.378000 1.868000 0.84940000 0.15460000 0.07890000 -0.49830000
8.868042 0.056200 -0.362800 1.865500 -0.84180000 -0.17530000 -0.08450000 0.50350000
8.900178 0.067700 -0.351800 1.860400 -0.83610000 -0.19340000 -0.09010000 0.50540000
8.932104 0.079100 -0.340700 1.852300 -0.82920000 -0.21240000 -0.08870000 0.50930000
8.968055 0.095300 -0.326300 1.835600 0.83070000 0.23990000 0.08460000 -0.49520000
9.000019 0.109000 -0.315500 1.820100 0.83540000 0.25720000 0.08170000 -0.47870000
9.032197 0.123600 -0.305400 1.803700 0.84020000 0.26840000 0.07630000 -0.46490000
9.067919 0.144700 -0.292200 1.781800 0.84330000 0.28130000 0.06840000 -0.45290000
9.100262 0.161800 -0.282800 1.765400 0.84690000 0.28940000 0.06360000 -0.44160000
9.132162 0.180400 -0.274100 1.750000 0.85070000 0.29230000 0.05570000 -0.43340000
9.167978 0.207000 -0.263300 1.730700 0.85660000 0.28640000 0.03760000 -0.42760000
9.200029 0.227500 -0.256100 1.717400 0.86250000 0.28290000 0.02030000 -0.41920000
9.232303 0.248700 -0.249200 1.705400 0.86510000 0.27910000 0.00060000 -0.41680000
9.267941 0.278200 -0.241700 1.691700 0.86590000 0.27500000 -0.02580000 -0.41700000
9.300052 0.300900 -0.237400 1.682800 0.86690000 0.27030000 -0.04170000 -0.41680000
9.332480 0.324200 -0.234200 1.674300 0.86820000 0.26300000 -0.05760000 -0.41680000
9.368058 0.354600 -0.231500 1.663900 0.87100000 0.25940000 -0.07350000 -0.41070000
9.399977 0.377900 -0.230700 1.657400 0.86950000 0.25990000 -0.08430000 -0.41150000
9.432167 0.401900 -0.230600 1.651200 0.86680000 0.25750000 -0.09600000 -0.41610000
9.467954 0.434700 -0.231300 1.642700 0.86640000 0.24940000 -0.10720000 -0.41910000
9.500043 0.459800 -0.233300 1.635700 0.86570000 0.24440000 -0.11740000 -0.42080000
9.532415 0.485000 -0.235600 1.628200 0.86350000 0.24100000 -0.13130000 -0.42310000
9.568023 0.519100 -0.238600 1.617300 0.86080000 0.23510000 -0.14410000 -0.42780000
9.600037 0.545400 -0.241200 1.608300 0.85870000 0.22850000 -0.15300000 -0.43250000
9.632121 0.571500 -0.243800 1.598400 0.85690000 0.22240000 -0.16240000 -0.43570000
9.668292 0.606200 -0.247100 1.584000 0.85390000 0.21690000 -0.17180000 -0.44070000
9.700351 0.632600 -0.249600 1.572900 0.84910000 0.21350000 -0.17980000 -0.44840000
9.732216 0.658600 -0.252100 1.560800 0.84550000 0.20780000 -0.18610000 -0.45530000
9.767849 0.693000 -0.255800 1.543700 0.84580000 0.20230000 -0.18390000 -0.45820000
9.799850 0.718500 -0.258600 1.531100 0.84270000 0.19830000 -0.18130000 -0.46660000
9.832065 0.742900 -0.261500 1.518600 0.83800000 0.19520000 -0.17880000 -0.47720000
9.868108 0.774000 -0.266400 1.501400 0.83390000 0.19640000 -0.17530000 -0.48520000
9.899999 0.796600 -0.270600 1.488700 0.83160000 0.19590000 -0.17610000 -0.48900000
9.932112 0.818100 -0.275600 1.476300 0.83400000 0.19440000 -0.17600000 -0.48550000
9.968195 0.845400 -0.283900 1.461700 0.83510000 0.19740000 -0.17950000 -0.48100000
