# TUM RGB-D rgbd_dataset_freiburg1_desk mocap ground truth, CC BY 4.0
# timestamp tx ty tz qx qy qz qw  (timestamps rebased to clip start)
0.000000 -0.002700 2.264100 1.546800 0.21600000 0.81590000 -0.53060000 -0.07810000
0.032219 0.010200 2.262000 1.546800 0.21690000 0.81580000 -0.53090000 -0.07460000
0.068072 0.027200 2.259500 1.546300 0.21550000 0.81910000 -0.52710000 -0.06880000
0.100030 0.039500 2.257200 1.546100 0.21700000 0.81900000 -0.52710000 -0.06520000
0.132160 0.051300 2.255100 1.545700 0.21570000 0.81940000 -0.52720000 -0.06440000
0.168055 0.066800 2.252200 1.545200 0.21220000 0.82120000 -0.52590000 -0.06360000
0.199995 0.078100 2.250100 1.545200 0.21120000 0.82190000 -0.52530000 -0.06210000
0.236132 0.088400 2.247600 1.545200 0.20830000 0.82380000 -0.52350000 -0.06180000
0.268251 0.101400 2.244400 1.546200 0.20510000 0.82530000 -0.52250000 -0.06170000
0.299932 0.110400 2.242200 1.547500 0.20550000 0.82500000 -0.52310000 -0.05960000
0.336019 0.118700 2.239800 1.548300 0.20660000 0.82460000 -0.52300000 -0.06140000
0.367986 0.129600 2.236500 1.548900 0.20530000 0.82600000 -0.52090000 -0.06500000
0.400059 0.137800 2.234000 1.549300 0.20520000 0.82550000 -0.52170000 -0.06520000
0.435974 0.146300 2.231800 1.549400 0.20680000 0.82630000 -0.51980000 -0.06500000
0.468034 0.157600 2.228600 1.548400 0.20810000 0.82730000 -0.51730000 -0.06910000
0.504235 0.166700 2.226400 1.548300 0.20660000 0.82770000 -0.51700000 -0.07070000
0.536028 0.175900 2.224400 1.547800 0.20650000 0.82790000 -0.51650000 -0.07130000
0.567985 0.188900 2.221600 1.546500 0.20900000 0.83040000 -0.51130000 -0.07330000
0.604010 0.199100 2.219800 1.545600 0.20750000 0.83130000 -0.51030000 -0.07420000
0.635912 0.209600 2.218100 1.544200 0.20630000 0.83140000 -0.51040000 -0.07590000
0.667950 0.219900 2.216300 1.542600 0.20700000 0.83180000 -0.50900000 -0.07910000
0.704085 0.234600 2.214500 1.539700 0.20820000 0.83420000 -0.50440000 -0.07960000
0.736131 0.245900 2.212600 1.538000 0.20760000 0.83450000 -0.50410000 -0.07990000
0.772027 0.261100 2.210800 1.535000 0.20980000 0.83630000 -0.49990000 -0.08220000
0.804112 0.272400 2.209400 1.533000 0.21200000 0.83760000 -0.49640000 -0.08440000
0.835993 0.284800 2.208000 1.531300 0.21270000 0.83780000 -0.49590000 -0.08350000
0.872141 0.300800 2.206600 1.529300 0.21620000 0.83760000 -0.49410000 -0.08730000
0.903970 0.313200 2.205800 1.527500 0.22060000 0.83650000 -0.49370000 -0.08860000
0.939991 0.330500 2.204900 1.526400 0.22250000 0.83610000 -0.49370000 -0.08790000
0.972059 0.343600 2.204400 1.525500 0.22570000 0.83620000 -0.49230000 -0.08700000
1.004340 0.356300 2.203600 1.524600 0.23000000 0.83670000 -0.48920000 -0.08730000
1.039939 0.372600 2.202500 1.523900 0.23670000 0.83700000 -0.48550000 -0.08810000
1.072090 0.384700 2.201400 1.523300 0.24000000 0.83660000 -0.48420000 -0.08990000
1.104214 0.396500 2.200600 1.522700 0.24490000 0.83660000 -0.48110000 -0.09300000
1.140094 0.412500 2.199300 1.522200 0.25090000 0.83560000 -0.47940000 -0.09520000
1.172161 0.424800 2.198400 1.521900 0.25260000 0.83500000 -0.47930000 -0.09570000
1.208257 0.440900 2.197400 1.521300 0.25730000 0.83470000 -0.47730000 -0.09620000
1.240113 0.453300 2.196600 1.520900 0.26300000 0.83300000 -0.47740000 -0.09500000
1.272031 0.465600 2.195500 1.520700 0.26530000 0.83180000 -0.47850000 -0.09400000
1.308088 0.477700 2.194000 1.520500 0.26750000 0.82990000 -0.48060000 -0.09380000
1.340102 0.494100 2.191800 1.519600 0.26810000 0.82990000 -0.48010000 -0.09470000
1.372118 0.506200 2.189700 1.519000 0.26960000 0.82940000 -0.48010000 -0.09440000
1.408587 0.522000 2.186400 1.518500 0.27100000 0.83070000 -0.47760000 -0.09150000
1.440104 0.533500 2.183500 1.519100 0.26820000 0.83110000 -0.47850000 -0.09140000
1.476024 0.545200 2.180300 1.519800 0.26640000 0.83020000 -0.48140000 -0.08960000
1.509241 0.560600 2.175100 1.520800 0.26590000 0.82980000 -0.48280000 -0.08750000
1.540061 0.572000 2.170900 1.521700 0.26240000 0.83050000 -0.48350000 -0.08710000
1.575970 0.584400 2.166600 1.522300 0.26010000 0.83010000 -0.48580000 -0.08540000
1.608014 0.600500 2.160800 1.522500 0.25710000 0.83020000 -0.48740000 -0.08430000
1.640352 0.612800 2.156500 1.522200 0.25520000 0.83040000 -0.48800000 -0.08410000
1.676011 0.624600 2.152400 1.522300 0.25060000 0.83000000 -0.49130000 -0.08330000
1.707965 0.639000 2.146600 1.522500 0.25080000 0.82890000 -0.49300000 -0.08320000
1.743972 0.649400 2.141900 1.522400 0.24850000 0.82710000 -0.49680000 -0.08630000
1.776440 0.659200 2.137500 1.522800 0.24480000 0.82680000 -0.49880000 -0.08740000
1.808158 0.668300 2.133000 1.523300 0.24710000 0.82660000 -0.49830000 -0.08610000
1.843940 0.680000 2.126500 1.523200 0.24900000 0.82640000 -0.49790000 -0.08420000
1.876065 0.688200 2.121600 1.523600 0.25080000 0.82720000 -0.49600000 -0.08280000
1.908003 0.698000 2.114600 1.524700 0.25360000 0.82540000 -0.49770000 -0.08190000
1.944059 0.704700 2.108800 1.525000 0.25740000 0.82300000 -0.49930000 -0.08360000
1.976241 0.711400 2.103200 1.525300 0.25980000 0.82270000 -0.49860000 -0.08400000
2.012219 0.719900 2.095800 1.525200 0.26440000 0.82060000 -0.50040000 -0.08010000
2.044113 0.726200 2.090000 1.524500 0.26850000 0.81950000 -0.49950000 -0.08240000
2.076331 0.732700 2.084400 1.523500 0.26850000 0.81900000 -0.50000000 -0.08520000
2.112001 0.741400 2.077000 1.522900 0.26980000 0.81660000 -0.50300000 -0.08560000
2.143999 0.747100 2.071500 1.521900 0.27210000 0.81430000 -0.50450000 -0.09090000
2.180090 0.754800 2.064800 1.520600 0.27150000 0.81510000 -0.50260000 -0.09640000
2.211981 0.760600 2.059800 1.519900 0.27340000 0.81500000 -0.50260000 -0.09210000
2.244145 0.765700 2.055100 1.520100 0.27650000 0.81520000 -0.50110000 -0.08920000
2.280100 0.771400 2.049300 1.519600 0.28030000 0.81420000 -0.50010000 -0.09120000
2.312848 0.775400 2.045300 1.519600 0.28220000 0.81370000 -0.49960000 -0.09310000
2.344137 0.779200 2.041400 1.520100 0.28540000 0.81190000 -0.50110000 -0.09080000
2.380078 0.783300 2.036600 1.520400 0.28830000 0.81180000 -0.49930000 -0.09250000
2.412136 0.785800 2.033000 1.521000 0.28920000 0.81000000 -0.50120000 -0.09510000
2.447931 0.789600 2.029400 1.521800 0.29130000 0.80800000 -0.50330000 -0.09470000
2.479978 0.791900 2.026100 1.522100 0.29460000 0.80650000 -0.50340000 -0.09650000
2.512042 0.793500 2.023200 1.521900 0.29490000 0.80580000 -0.50360000 -0.10050000
2.547946 0.796200 2.020500 1.521700 0.29700000 0.80520000 -0.50260000 -0.10420000
2.579977 0.798000 2.018500 1.521500 0.29830000 0.80480000 -0.50210000 -0.10600000
2.611993 0.799300 2.017000 1.521300 0.29930000 0.80420000 -0.50200000 -0.10800000
2.648009 0.800400 2.015800 1.521300 0.30150000 0.80310000 -0.50140000 -0.11250000
2.680033 0.800800 2.015400 1.521400 0.30420000 0.80160000 -0.50140000 -0.11650000
2.715964 0.801300 2.015300 1.521600 0.30580000 0.79990000 -0.50270000 -0.11780000
2.747938 0.801500 2.015400 1.521700 0.30990000 0.79630000 -0.50560000 -0.11970000
2.780029 0.801700 2.015700 1.521400 0.31170000 0.79590000 -0.50490000 -0.12070000
2.815965 0.802100 2.016300 1.521500 0.31360000 0.79490000 -0.50520000 -0.12110000
2.848007 0.802100 2.016700 1.521500 0.31610000 0.79190000 -0.50790000 -0.12250000
2.880059 0.802500 2.017500 1.520900 0.31750000 0.79090000 -0.50740000 -0.12720000
2.915964 0.802700 2.018000 1.520500 0.31910000 0.79010000 -0.50690000 -0.13010000
2.947923 0.803400 2.018700 1.520500 0.32150000 0.78940000 -0.50670000 -0.12940000
2.984025 0.804500 2.020000 1.520900 0.32330000 0.78780000 -0.50750000 -0.13120000
3.015966 0.805300 2.020700 1.521100 0.32420000 0.78650000 -0.50830000 -0.13400000
3.048005 0.807200 2.021600 1.521600 0.32550000 0.78420000 -0.51110000 -0.13400000
3.083993 0.808800 2.021900 1.522000 0.32600000 0.78300000 -0.51290000 -0.13240000
3.116002 0.810500 2.021800 1.521900 0.32620000 0.78300000 -0.51230000 -0.13420000
3.151974 0.812800 2.021700 1.521500 0.32660000 0.78350000 -0.51040000 -0.13760000
3.184175 0.814600 2.021100 1.521900 0.32560000 0.78120000 -0.51440000 -0.13830000
3.216045 0.816400 2.020800 1.521900 0.32550000 0.78090000 -0.51480000 -0.13880000
3.252030 0.819000 2.021300 1.521600 0.32740000 0.78210000 -0.51110000 -0.14090000
3.283956 0.821100 2.021700 1.521800 0.32670000 0.78040000 -0.51380000 -0.14240000
3.316001 0.823600 2.022400 1.522300 0.32480000 0.77960000 -0.51590000 -0.14340000
3.352026 0.826200 2.023100 1.522400 0.32370000 0.77860000 -0.51800000 -0.14380000
3.384076 0.827900 2.023600 1.522700 0.32440000 0.77810000 -0.51840000 -0.14350000
3.420047 0.830300 2.024300 1.523100 0.32300000 0.77630000 -0.52210000 -0.14290000
3.451931 0.831900 2.025000 1.523100 0.32190000 0.77540000 -0.52350000 -0.14510000
3.483972 0.833100 2.025700 1.523100 0.32130000 0.77300000 -0.52630000 -0.14910000
3.520054 0.835100 2.027000 1.523300 0.31750000 0.77180000 -0.53010000 -0.15000000
3.552084 0.836300 2.027900 1.523300 0.31530000 0.77090000 -0.53300000 -0.14910000
3.584071 0.836600 2.028900 1.522100 0.31520000 0.76940000 -0.53400000 -0.15330000
3.620143 0.837000 2.030200 1.521300 0.31270000 0.76990000 -0.53420000 -0.15540000
3.652122 0.836700 2.031000 1.520900 0.31110000 0.76790000 -0.53780000 -0.15580000
3.688070 0.835300 2.032700 1.519000 0.31120000 0.76910000 -0.53460000 -0.16050000
3.720737 0.834100 2.034100 1.518000 0.31050000 0.76960000 -0.53390000 -0.16190000
3.752185 0.833000 2.035400 1.517400 0.30930000 0.76780000 -0.53740000 -0.16160000
3.787912 0.831000 2.037700 1.515800 0.30790000 0.76990000 -0.53420000 -0.16450000
3.820525 0.829200 2.039300 1.514500 0.30790000 0.77110000 -0.53200000 -0.16640000
3.851910 0.827700 2.040600 1.513600 0.30530000 0.76980000 -0.53530000 -0.16660000
3.888046 0.825000 2.042400 1.511900 0.30280000 0.76880000 -0.53730000 -0.16910000
3.919968 0.822700 2.043700 1.510500 0.30190000 0.76930000 -0.53580000 -0.17330000
3.956196 0.820500 2.045300 1.509900 0.29880000 0.76880000 -0.53780000 -0.17440000
3.987981 0.817600 2.047300 1.509300 0.29770000 0.76720000 -0.54020000 -0.17580000
4.019963 0.815000 2.048900 1.508500 0.29760000 0.76830000 -0.53750000 -0.17960000
4.055968 0.812300 2.050100 1.508100 0.29690000 0.76720000 -0.53910000 -0.18100000
4.089358 0.809400 2.051900 1.507900 0.29530000 0.76600000 -0.54190000 -0.17990000
4.120529 0.806500 2.053100 1.507700 0.29580000 0.76700000 -0.53970000 -0.18160000
4.156436 0.804200 2.054000 1.507800 0.29610000 0.76660000 -0.53990000 -0.18190000
4.191134 0.801700 2.054900 1.508100 0.29460000 0.76580000 -0.54290000 -0.17890000
4.224191 0.799300 2.055400 1.508400 0.29370000 0.76660000 -0.54290000 -0.17700000
4.257238 0.797000 2.055600 1.508700 0.29210000 0.76700000 -0.54350000 -0.17580000
4.295703 0.793200 2.055500 1.509500 0.29050000 0.76520000 -0.54780000 -0.17330000
4.328942 0.788400 2.055600 1.510200 0.28940000 0.76580000 -0.54830000 -0.17050000
4.356397 0.785900 2.055800 1.510600 0.28860000 0.76620000 -0.54880000 -0.16880000
4.394116 0.779700 2.055300 1.512000 0.28730000 0.76520000 -0.55140000 -0.16720000
4.430128 0.773100 2.054700 1.513500 0.28670000 0.76600000 -0.55130000 -0.16440000
4.463858 0.767700 2.053900 1.514900 0.28590000 0.76560000 -0.55270000 -0.16290000
4.495517 0.762400 2.053200 1.516300 0.28550000 0.76650000 -0.55200000 -0.16220000
4.533854 0.754700 2.052400 1.519200 0.28440000 0.76530000 -0.55390000 -0.16320000
4.563108 0.748600 2.051800 1.522000 0.28340000 0.76360000 -0.55660000 -0.16370000
4.631218 0.735100 2.051500 1.529100 0.28220000 0.75860000 -0.56360000 -0.16490000
4.660075 0.729700 2.051400 1.532300 0.28180000 0.75590000 -0.56740000 -0.16500000
4.692679 0.724100 2.051200 1.535000 0.28150000 0.75600000 -0.56740000 -0.16530000
4.724156 0.718900 2.051300 1.537800 0.28210000 0.75480000 -0.56900000 -0.16410000
4.759883 0.712200 2.051700 1.541300 0.28290000 0.75290000 -0.57100000 -0.16420000
4.792138 0.707200 2.051800 1.543500 0.28300000 0.75160000 -0.57240000 -0.16540000
4.824116 0.702400 2.052100 1.545400 0.28390000 0.75150000 -0.57230000 -0.16450000
4.860184 0.696600 2.052300 1.547500 0.28530000 0.74910000 -0.57490000 -0.16420000
4.892108 0.692500 2.052400 1.548400 0.28680000 0.74960000 -0.57340000 -0.16420000
4.927928 0.687800 2.052700 1.549300 0.28600000 0.74870000 -0.57470000 -0.16560000
4.960007 0.684500 2.053000 1.549700 0.28610000 0.74800000 -0.57550000 -0.16570000
4.992092 0.681200 2.053200 1.549800 0.28730000 0.74850000 -0.57420000 -0.16570000
5.028021 0.678000 2.053400 1.550100 0.28840000 0.74880000 -0.57320000 -0.16630000
5.060002 0.674200 2.053800 1.550700 0.28770000 0.74720000 -0.57550000 -0.16660000
5.092102 0.671300 2.053900 1.550800 0.28830000 0.74770000 -0.57390000 -0.16840000
5.128165 0.667400 2.054100 1.551200 0.29010000 0.74680000 -0.57370000 -0.17050000
5.159997 0.665200 2.054200 1.551700 0.28980000 0.74640000 -0.57470000 -0.16920000
5.196086 0.662900 2.054100 1.551900 0.28910000 0.74720000 -0.57350000 -0.17090000
5.228087 0.660300 2.054300 1.552100 0.28910000 0.74890000 -0.57100000 -0.17170000
5.260011 0.658600 2.053200 1.552200 0.29000000 0.74820000 -0.57140000 -0.17190000
5.296154 0.656900 2.052600 1.552000 0.29010000 0.74900000 -0.57030000 -0.17210000
5.328105 0.654700 2.051500 1.551400 0.28920000 0.74930000 -0.57010000 -0.17300000
5.363938 0.653100 2.050500 1.551100 0.28780000 0.75000000 -0.56990000 -0.17280000
5.396099 0.651200 2.049100 1.550500 0.28810000 0.75100000 -0.56830000 -0.17330000
5.430459 0.648500 2.046900 1.549700 0.28650000 0.75260000 -0.56730000 -0.17250000
5.463975 0.646200 2.045000 1.549100 0.28490000 0.75370000 -0.56680000 -0.17200000
5.496536 0.643300 2.042700 1.548500 0.28320000 0.75450000 -0.56620000 -0.17280000
5.528143 0.639500 2.039700 1.547900 0.28110000 0.75550000 -0.56640000 -0.17140000
5.564044 0.636600 2.037400 1.547300 0.27970000 0.75720000 -0.56540000 -0.16950000
5.596656 0.633900 2.035200 1.546700 0.27720000 0.75990000 -0.56300000 -0.16950000
5.631989 0.630700 2.032100 1.546000 0.27230000 0.76150000 -0.56280000 -0.17090000
5.664021 0.628300 2.030200 1.545000 0.27050000 0.76140000 -0.56360000 -0.17130000
5.696085 0.626000 2.028000 1.544100 0.26830000 0.76320000 -0.56340000 -0.16780000
5.732547 0.623300 2.025800 1.542600 0.26640000 0.76500000 -0.56240000 -0.16590000
5.764110 0.621100 2.024700 1.541900 0.26490000 0.76600000 -0.56180000 -0.16560000
5.796034 0.619000 2.023700 1.541300 0.26280000 0.76650000 -0.56210000 -0.16570000
5.832096 0.616100 2.022700 1.541100 0.26100000 0.76670000 -0.56360000 -0.16230000
5.864103 0.613500 2.022300 1.541000 0.26220000 0.76700000 -0.56320000 -0.16040000
5.900126 0.610200 2.022000 1.540700 0.26210000 0.76740000 -0.56390000 -0.15630000
5.931994 0.607700 2.022200 1.540400 0.26300000 0.76740000 -0.56460000 -0.15240000
5.964014 0.605100 2.022700 1.539900 0.26260000 0.76750000 -0.56500000 -0.15120000
6.000200 0.600600 2.023900 1.538600 0.26280000 0.76870000 -0.56320000 -0.15140000
6.032088 0.597200 2.024900 1.538400 0.26280000 0.76830000 -0.56470000 -0.14750000
6.064064 0.593500 2.026300 1.538100 0.26350000 0.76840000 -0.56540000 -0.14310000
6.100011 0.587400 2.028200 1.537400 0.26390000 0.76810000 -0.56580000 -0.14250000
6.131991 0.582600 2.029900 1.537400 0.26310000 0.76710000 -0.56750000 -0.14250000
6.168195 0.575900 2.032500 1.537400 0.26170000 0.76790000 -0.56770000 -0.13990000
6.200090 0.570300 2.034200 1.537100 0.26260000 0.76870000 -0.56630000 -0.13920000
6.231988 0.565100 2.035800 1.537400 0.26180000 0.76780000 -0.56830000 -0.13800000
6.268099 0.560100 2.037600 1.537400 0.25920000 0.76870000 -0.56890000 -0.13540000
6.300052 0.553100 2.040000 1.537200 0.25790000 0.77070000 -0.56680000 -0.13480000
6.332346 0.548100 2.041600 1.537300 0.25500000 0.77190000 -0.56670000 -0.13430000
6.368233 0.541000 2.043900 1.537600 0.24780000 0.77290000 -0.56850000 -0.13450000
6.400201 0.534900 2.045400 1.537200 0.24580000 0.77510000 -0.56570000 -0.13710000
6.436176 0.528700 2.046800 1.537500 0.24440000 0.77690000 -0.56410000 -0.13590000
6.468243 0.519800 2.048700 1.538600 0.24080000 0.77680000 -0.56690000 -0.13130000
6.500008 0.512900 2.050700 1.539200 0.23960000 0.77790000 -0.56610000 -0.13050000
6.536093 0.505900 2.052700 1.540000 0.23790000 0.77730000 -0.56760000 -0.13040000
6.568316 0.496300 2.055400 1.540900 0.23470000 0.77800000 -0.56850000 -0.12800000
6.604010 0.489500 2.057400 1.541000 0.23420000 0.77930000 -0.56760000 -0.12470000
6.635933 0.482400 2.059500 1.541300 0.23280000 0.77940000 -0.56830000 -0.12360000
6.668261 0.473100 2.062100 1.541700 0.22890000 0.78080000 -0.56780000 -0.12450000
6.704071 0.466000 2.063700 1.541800 0.22760000 0.78160000 -0.56680000 -0.12640000
6.736059 0.459200 2.065200 1.541600 0.22540000 0.78280000 -0.56590000 -0.12700000
6.768125 0.450800 2.066700 1.541400 0.22090000 0.78390000 -0.56650000 -0.12570000
6.803924 0.444300 2.067400 1.541000 0.22090000 0.78540000 -0.56430000 -0.12600000
6.835969 0.437900 2.068500 1.540400 0.21830000 0.78760000 -0.56150000 -0.12930000
6.872547 0.429800 2.069100 1.539500 0.21580000 0.78940000 -0.55980000 -0.13000000
6.904013 0.423200 2.068900 1.538600 0.21460000 0.79000000 -0.55940000 -0.13050000
6.936047 0.416400 2.068500 1.537200 0.21440000 0.79190000 -0.55620000 -0.13280000
6.975073 0.407800 2.067800 1.536300 0.21510000 0.79060000 -0.55820000 -0.13060000
7.011076 0.399000 2.066900 1.534500 0.21640000 0.79150000 -0.55670000 -0.12950000
7.043003 0.392700 2.066200 1.532900 0.21660000 0.79340000 -0.55410000 -0.12840000
7.076310 0.387000 2.065300 1.531400 0.21680000 0.79240000 -0.55630000 -0.12540000
7.111226 0.381000 2.064500 1.529500 0.21630000 0.79360000 -0.55490000 -0.12430000
7.143161 0.373500 2.062900 1.526600 0.21620000 0.79750000 -0.55010000 -0.12130000
7.179039 0.366000 2.060500 1.524500 0.21340000 0.79830000 -0.55070000 -0.11800000
7.211044 0.359400 2.058400 1.523200 0.21180000 0.79940000 -0.54930000 -0.11960000
7.243111 0.352600 2.056300 1.522300 0.21030000 0.80120000 -0.54730000 -0.11970000
7.279004 0.343200 2.052300 1.522000 0.20830000 0.80180000 -0.54780000 -0.11690000
7.311173 0.335500 2.049000 1.521800 0.20830000 0.80280000 -0.54620000 -0.11690000
7.347040 0.327200 2.044700 1.521600 0.20590000 0.80120000 -0.54900000 -0.11960000
7.379073 0.316300 2.038600 1.522700 0.20310000 0.80050000 -0.55070000 -0.12100000
7.411127 0.307800 2.033500 1.523700 0.20310000 0.80000000 -0.55220000 -0.11780000
7.447222 0.299300 2.027500 1.524500 0.20320000 0.80120000 -0.55070000 -0.11640000
7.479086 0.288000 2.019800 1.526200 0.19940000 0.80010000 -0.55390000 -0.11530000
7.514970 0.279000 2.013900 1.527100 0.19760000 0.79930000 -0.55570000 -0.11530000
7.546956 0.269300 2.008500 1.527300 0.19950000 0.80100000 -0.55230000 -0.11630000
7.579094 0.256200 2.001300 1.528000 0.19960000 0.80080000 -0.55320000 -0.11320000
7.615117 0.245700 1.996100 1.528800 0.19920000 0.79920000 -0.55630000 -0.10990000
7.647134 0.234400 1.991700 1.528800 0.19950000 0.80120000 -0.55310000 -0.11100000
7.683042 0.218500 1.985400 1.528900 0.20070000 0.80070000 -0.55300000 -0.11320000
7.716248 0.206500 1.981400 1.529500 0.19890000 0.79900000 -0.55610000 -0.11260000
7.747066 0.194300 1.977400 1.529700 0.19900000 0.79950000 -0.55560000 -0.11180000
7.783061 0.177300 1.972700 1.530300 0.19960000 0.79920000 -0.55550000 -0.11370000
7.815890 0.164600 1.969000 1.531000 0.19950000 0.79830000 -0.55680000 -0.11350000
7.851334 0.147700 1.964300 1.531800 0.19850000 0.79990000 -0.55450000 -0.11510000
7.883038 0.135600 1.960700 1.532900 0.19590000 0.80090000 -0.55380000 -0.11680000
7.915044 0.123700 1.957300 1.534400 0.19350000 0.79960000 -0.55600000 -0.11870000
7.951281 0.108700 1.953700 1.536800 0.19120000 0.80090000 -0.55450000 -0.12060000
7.982975 0.097700 1.951500 1.538700 0.19270000 0.79950000 -0.55590000 -0.12060000
8.014985 0.087700 1.950400 1.541000 0.19380000 0.79870000 -0.55710000 -0.11890000
8.050964 0.075300 1.949300 1.543100 0.19390000 0.79810000 -0.55790000 -0.11880000
8.082995 0.066700 1.949000 1.544000 0.19420000 0.79730000 -0.55940000 -0.11680000
8.119092 0.056300 1.949200 1.544800 0.19500000 0.79860000 -0.55810000 -0.11260000
8.183163 0.041200 1.949000 1.544000 0.19250000 0.79990000 -0.55640000 -0.11600000
8.212184 0.034500 1.949400 1.543700 0.19070000 0.79930000 -0.55810000 -0.11490000
8.244008 0.027600 1.949400 1.543300 0.19030000 0.79850000 -0.55990000 -0.11240000
8.275973 0.020800 1.950000 1.542600 0.18950000 0.80030000 -0.55780000 -0.11140000
8.312121 0.011600 1.951000 1.542100 0.19010000 0.79950000 -0.55920000 -0.10920000
8.344103 0.004400 1.951900 1.541800 0.19050000 0.79880000 -0.56090000 -0.10520000
8.380121 -0.005100 1.953500 1.541100 0.19250000 0.80050000 -0.55850000 -0.10160000
8.412080 -0.012300 1.954600 1.541000 0.19260000 0.79980000 -0.55970000 -0.09990000
8.444041 -0.019700 1.955700 1.540600 0.19270000 0.79860000 -0.56160000 -0.09870000
8.480022 -0.029800 1.957100 1.539300 0.19310000 0.79990000 -0.55970000 -0.09830000
8.511984 -0.037100 1.958200 1.538700 0.19370000 0.79900000 -0.56130000 -0.09520000
8.543957 -0.044500 1.959300 1.538100 0.19420000 0.79890000 -0.56180000 -0.09180000
8.579960 -0.054400 1.961000 1.536800 0.19350000 0.80060000 -0.55960000 -0.09180000
8.612118 -0.061700 1.962400 1.536500 0.19250000 0.79770000 -0.56430000 -0.09080000
8.648031 -0.071300 1.964900 1.535900 0.19010000 0.79710000 -0.56580000 -0.09130000
8.680039 -0.078600 1.966800 1.535100 0.18770000 0.79980000 -0.56280000 -0.09110000
8.712006 -0.086200 1.968800 1.535300 0.18770000 0.79910000 -0.56390000 -0.09080000
8.748032 -0.096300 1.971000 1.535800 0.18390000 0.79840000 -0.56610000 -0.09090000
8.780047 -0.103900 1.973100 1.536100 0.18150000 0.79970000 -0.56510000 -0.09070000
8.816095 -0.112100 1.975200 1.536800 0.18160000 0.79880000 -0.56630000 -0.09080000
8.848185 -0.122400 1.977900 1.537500 0.17820000 0.80020000 -0.56550000 -0.09000000
8.879999 -0.130600 1.979700 1.538400 0.17560000 0.79920000 -0.56760000 -0.09080000
8.916101 -0.138800 1.981400 1.539600 0.17520000 0.79830000 -0.56880000 -0.09190000
8.948016 -0.149700 1.983300 1.540900 0.17390000 0.79860000 -0.56890000 -0.09150000
8.980187 -0.157300 1.984400 1.542100 0.17200000 0.79890000 -0.56920000 -0.09050000
9.016013 -0.164800 1.985300 1.543000 0.17130000 0.79760000 -0.57110000 -0.09150000
9.048034 -0.173900 1.986900 1.544000 0.16920000 0.79800000 -0.57120000 -0.09150000
9.084080 -0.180000 1.988000 1.544800 0.16780000 0.79880000 -0.57070000 -0.08950000
9.116144 -0.185800 1.989300 1.545300 0.16470000 0.79890000 -0.57160000 -0.08890000
9.148079 -0.191200 1.990500 1.545200 0.16210000 0.79900000 -0.57210000 -0.08910000
9.183945 -0.197100 1.992400 1.544400 0.15840000 0.80080000 -0.57080000 -0.08790000
9.215993 -0.201100 1.993900 1.543700 0.15390000 0.80210000 -0.57070000 -0.08490000
9.248013 -0.205200 1.995300 1.542700 0.15130000 0.80270000 -0.57060000 -0.08490000
9.284017 -0.210600 1.997100 1.540700 0.14400000 0.80510000 -0.56880000 -0.08700000
9.316066 -0.214100 1.998400 1.539300 0.14040000 0.80610000 -0.56890000 -0.08300000
9.351969 -0.218800 2.000200 1.537100 0.13600000 0.80870000 -0.56730000 -0.07500000
9.384033 -0.222200 2.001700 1.535000 0.13100000 0.81210000 -0.56400000 -0.07300000
9.416045 -0.225700 2.003100 1.532700 0.12660000 0.81300000 -0.56400000 -0.07050000
9.452044 -0.230400 2.004600 1.529700 0.12000000 0.81400000 -0.56420000 -0.06880000
9.483988 -0.234400 2.006200 1.527100 0.11580000 0.81690000 -0.56090000 -0.06810000
9.516089 -0.238700 2.007100 1.525400 0.11430000 0.81700000 -0.56140000 -0.06550000
9.551992 -0.245000 2.007900 1.523900 0.11060000 0.81790000 -0.56130000 -0.06090000
9.584235 -0.249800 2.008100 1.522800 0.10740000 0.81980000 -0.55940000 -0.05910000
9.620053 -0.257000 2.007400 1.521700 0.10820000 0.82050000 -0.55840000 -0.05730000
9.651959 -0.262000 2.006900 1.521600 0.10500000 0.82030000 -0.55960000 -0.05410000
9.684048 -0.267600 2.006400 1.521200 0.10370000 0.82080000 -0.55930000 -0.05220000
9.720007 -0.276200 2.005400 1.521000 0.10060000 0.82200000 -0.55810000 -0.05260000
9.751966 -0.282800 2.004100 1.521400 0.09980000 0.82120000 -0.55950000 -0.05200000
9.788068 -0.291800 2.001300 1.522900 0.09990000 0.81970000 -0.56160000 -0.05140000
9.820032 -0.299300 1.998800 1.524000 0.09750000 0.82000000 -0.56160000 -0.05150000
9.852091 -0.306200 1.995800 1.525200 0.09780000 0.81840000 -0.56400000 -0.04990000
9.887966 -0.315300 1.991800 1.526500 0.09440000 0.81800000 -0.56540000 -0.04790000
9.920145 -0.322300 1.988800 1.526700 0.09260000 0.81880000 -0.56460000 -0.04780000
9.956077 -0.328900 1.986000 1.526900 0.09080000 0.82000000 -0.56320000 -0.04720000
9.988378 -0.337800 1.982000 1.527100 0.08540000 0.81900000 -0.56560000 -0.04640000
10.020152 -0.344900 1.978700 1.527000 0.08200000 0.81940000 -0.56520000 -0.04880000
10.056771 -0.352400 1.975300 1.527200 0.07870000 0.81870000 -0.56650000 -0.05100000
10.088510 -0.362300 1.970200 1.528100 0.07470000 0.81780000 -0.56830000 -0.05090000
